* e:\self\hackathon\mixed_signal_soc_design_marathon\vinayak\self-correcting-message-system-using-hamming-code\self_correcting_message_system\self_correcting_message_system.cir
Transient Analysis  Sun Oct 09 11:43:27  2022
--------------------------------------------------------------------------------
Index   time            a4#branch_1_0   a8#branch_1_0   a9#branch_1_0   
--------------------------------------------------------------------------------
0	0.000000e+00	0.000000e+00	0.000000e+00	0.000000e+00	
1	1.000000e-04	0.000000e+00	0.000000e+00	0.000000e+00	
2	2.000000e-04	0.000000e+00	0.000000e+00	0.000000e+00	
3	4.000000e-04	0.000000e+00	0.000000e+00	0.000000e+00	
4	8.000000e-04	0.000000e+00	0.000000e+00	0.000000e+00	
5	1.600000e-03	0.000000e+00	0.000000e+00	0.000000e+00	
6	3.200000e-03	0.000000e+00	0.000000e+00	0.000000e+00	
7	6.400000e-03	0.000000e+00	0.000000e+00	0.000000e+00	
8	1.280000e-02	0.000000e+00	0.000000e+00	0.000000e+00	
9	2.560000e-02	0.000000e+00	0.000000e+00	0.000000e+00	
10	4.560000e-02	0.000000e+00	0.000000e+00	0.000000e+00	
11	4.560000e-02	0.000000e+00	0.000000e+00	0.000000e+00	
12	4.560000e-02	0.000000e+00	0.000000e+00	0.000000e+00	
13	4.560000e-02	0.000000e+00	0.000000e+00	0.000000e+00	
14	4.560000e-02	0.000000e+00	0.000000e+00	0.000000e+00	
15	4.560000e-02	0.000000e+00	0.000000e+00	0.000000e+00	
16	4.560000e-02	0.000000e+00	0.000000e+00	0.000000e+00	
17	4.560000e-02	0.000000e+00	0.000000e+00	0.000000e+00	
18	4.560000e-02	0.000000e+00	0.000000e+00	0.000000e+00	
19	4.560001e-02	0.000000e+00	0.000000e+00	0.000000e+00	
20	4.560001e-02	0.000000e+00	0.000000e+00	0.000000e+00	
21	4.560001e-02	0.000000e+00	0.000000e+00	0.000000e+00	
22	4.560001e-02	0.000000e+00	0.000000e+00	0.000000e+00	
23	4.560001e-02	0.000000e+00	0.000000e+00	0.000000e+00	
24	4.560001e-02	0.000000e+00	0.000000e+00	0.000000e+00	
25	4.560001e-02	0.000000e+00	0.000000e+00	0.000000e+00	
26	4.560001e-02	0.000000e+00	0.000000e+00	0.000000e+00	
27	4.560001e-02	0.000000e+00	0.000000e+00	0.000000e+00	
28	4.560001e-02	0.000000e+00	0.000000e+00	0.000000e+00	
29	4.560001e-02	0.000000e+00	0.000000e+00	0.000000e+00	
30	4.560001e-02	0.000000e+00	0.000000e+00	0.000000e+00	
31	4.560001e-02	0.000000e+00	0.000000e+00	0.000000e+00	
32	4.560001e-02	0.000000e+00	0.000000e+00	0.000000e+00	
33	4.560001e-02	0.000000e+00	0.000000e+00	0.000000e+00	
34	4.560001e-02	0.000000e+00	0.000000e+00	0.000000e+00	
35	4.560001e-02	0.000000e+00	0.000000e+00	0.000000e+00	
36	4.560001e-02	0.000000e+00	0.000000e+00	0.000000e+00	
37	4.560001e-02	0.000000e+00	0.000000e+00	0.000000e+00	
38	4.560001e-02	0.000000e+00	0.000000e+00	0.000000e+00	
39	4.560001e-02	0.000000e+00	0.000000e+00	0.000000e+00	
40	4.560001e-02	0.000000e+00	0.000000e+00	0.000000e+00	
41	4.560001e-02	0.000000e+00	0.000000e+00	0.000000e+00	
42	4.560001e-02	0.000000e+00	0.000000e+00	0.000000e+00	
43	4.560001e-02	0.000000e+00	0.000000e+00	0.000000e+00	
44	4.560001e-02	0.000000e+00	0.000000e+00	0.000000e+00	
45	4.560002e-02	0.000000e+00	0.000000e+00	0.000000e+00	
46	4.560003e-02	0.000000e+00	0.000000e+00	0.000000e+00	
47	4.560005e-02	0.000000e+00	0.000000e+00	0.000000e+00	
48	4.560009e-02	0.000000e+00	0.000000e+00	0.000000e+00	
49	4.560017e-02	0.000000e+00	0.000000e+00	0.000000e+00	
50	4.560034e-02	0.000000e+00	0.000000e+00	0.000000e+00	
51	4.560068e-02	0.000000e+00	0.000000e+00	0.000000e+00	
52	4.560135e-02	0.000000e+00	0.000000e+00	0.000000e+00	
53	4.560269e-02	0.000000e+00	0.000000e+00	0.000000e+00	
54	4.560538e-02	0.000000e+00	0.000000e+00	0.000000e+00	

Index   time            a4#branch_1_0   a8#branch_1_0   a9#branch_1_0   
--------------------------------------------------------------------------------
55	4.561074e-02	0.000000e+00	0.000000e+00	0.000000e+00	
56	4.562148e-02	0.000000e+00	0.000000e+00	0.000000e+00	
57	4.564296e-02	0.000000e+00	0.000000e+00	0.000000e+00	
58	4.568591e-02	0.000000e+00	0.000000e+00	0.000000e+00	
59	4.577181e-02	0.000000e+00	0.000000e+00	0.000000e+00	
60	4.594360e-02	0.000000e+00	0.000000e+00	0.000000e+00	
61	4.628720e-02	0.000000e+00	0.000000e+00	0.000000e+00	
62	4.697440e-02	0.000000e+00	0.000000e+00	0.000000e+00	
63	4.834879e-02	0.000000e+00	0.000000e+00	0.000000e+00	
64	5.109757e-02	0.000000e+00	0.000000e+00	0.000000e+00	
65	5.659512e-02	0.000000e+00	0.000000e+00	0.000000e+00	
66	5.659513e-02	0.000000e+00	0.000000e+00	0.000000e+00	
67	5.659513e-02	0.000000e+00	0.000000e+00	0.000000e+00	
68	5.659513e-02	0.000000e+00	0.000000e+00	0.000000e+00	
69	5.659513e-02	0.000000e+00	0.000000e+00	0.000000e+00	
70	5.659513e-02	0.000000e+00	0.000000e+00	0.000000e+00	
71	5.659513e-02	0.000000e+00	0.000000e+00	0.000000e+00	
72	5.659513e-02	0.000000e+00	0.000000e+00	0.000000e+00	
73	5.659513e-02	0.000000e+00	0.000000e+00	0.000000e+00	
74	5.659513e-02	0.000000e+00	0.000000e+00	0.000000e+00	
75	5.659513e-02	0.000000e+00	0.000000e+00	0.000000e+00	
76	5.659513e-02	0.000000e+00	0.000000e+00	0.000000e+00	
77	5.659513e-02	0.000000e+00	0.000000e+00	0.000000e+00	
78	5.659513e-02	0.000000e+00	0.000000e+00	0.000000e+00	
79	5.659513e-02	0.000000e+00	0.000000e+00	0.000000e+00	
80	5.659513e-02	0.000000e+00	0.000000e+00	0.000000e+00	
81	5.659513e-02	0.000000e+00	0.000000e+00	0.000000e+00	
82	5.659513e-02	0.000000e+00	0.000000e+00	0.000000e+00	
83	5.659513e-02	0.000000e+00	0.000000e+00	0.000000e+00	
84	5.659513e-02	0.000000e+00	0.000000e+00	0.000000e+00	
85	5.659513e-02	0.000000e+00	0.000000e+00	0.000000e+00	
86	5.659513e-02	0.000000e+00	0.000000e+00	0.000000e+00	
87	5.659513e-02	0.000000e+00	0.000000e+00	0.000000e+00	
88	5.659513e-02	0.000000e+00	0.000000e+00	0.000000e+00	
89	5.659513e-02	0.000000e+00	0.000000e+00	0.000000e+00	
90	5.659513e-02	0.000000e+00	0.000000e+00	0.000000e+00	
91	5.659513e-02	0.000000e+00	0.000000e+00	0.000000e+00	
92	5.659513e-02	0.000000e+00	0.000000e+00	0.000000e+00	
93	5.659513e-02	0.000000e+00	0.000000e+00	0.000000e+00	
94	5.659513e-02	0.000000e+00	0.000000e+00	0.000000e+00	
95	5.659513e-02	0.000000e+00	0.000000e+00	0.000000e+00	
96	5.659513e-02	0.000000e+00	0.000000e+00	0.000000e+00	
97	5.659514e-02	0.000000e+00	0.000000e+00	0.000000e+00	
98	5.659515e-02	0.000000e+00	0.000000e+00	0.000000e+00	
99	5.659516e-02	0.000000e+00	0.000000e+00	0.000000e+00	
100	5.659520e-02	0.000000e+00	0.000000e+00	0.000000e+00	
101	5.659526e-02	0.000000e+00	0.000000e+00	0.000000e+00	
102	5.659539e-02	0.000000e+00	0.000000e+00	0.000000e+00	
103	5.659565e-02	0.000000e+00	0.000000e+00	0.000000e+00	
104	5.659618e-02	0.000000e+00	0.000000e+00	0.000000e+00	
105	5.659723e-02	0.000000e+00	0.000000e+00	0.000000e+00	
106	5.659932e-02	0.000000e+00	0.000000e+00	0.000000e+00	
107	5.660352e-02	0.000000e+00	0.000000e+00	0.000000e+00	
108	5.661191e-02	0.000000e+00	0.000000e+00	0.000000e+00	
109	5.662868e-02	0.000000e+00	0.000000e+00	0.000000e+00	
110	5.666224e-02	0.000000e+00	0.000000e+00	0.000000e+00	
111	5.672935e-02	0.000000e+00	0.000000e+00	0.000000e+00	
112	5.686357e-02	0.000000e+00	0.000000e+00	0.000000e+00	

Index   time            a4#branch_1_0   a8#branch_1_0   a9#branch_1_0   
--------------------------------------------------------------------------------
113	5.713200e-02	0.000000e+00	0.000000e+00	0.000000e+00	
114	5.766887e-02	0.000000e+00	0.000000e+00	0.000000e+00	
115	5.874261e-02	0.000000e+00	0.000000e+00	0.000000e+00	
116	6.089010e-02	0.000000e+00	0.000000e+00	0.000000e+00	
117	6.509014e-02	0.000000e+00	0.000000e+00	0.000000e+00	
118	7.167915e-02	0.000000e+00	0.000000e+00	0.000000e+00	
119	8.485717e-02	0.000000e+00	0.000000e+00	0.000000e+00	
120	1.048572e-01	0.000000e+00	0.000000e+00	0.000000e+00	
121	1.248572e-01	0.000000e+00	0.000000e+00	0.000000e+00	
122	1.448572e-01	0.000000e+00	0.000000e+00	0.000000e+00	
123	1.648572e-01	0.000000e+00	0.000000e+00	0.000000e+00	
124	1.848572e-01	0.000000e+00	0.000000e+00	0.000000e+00	
125	2.048572e-01	0.000000e+00	0.000000e+00	0.000000e+00	
126	2.248572e-01	0.000000e+00	0.000000e+00	0.000000e+00	
127	2.448572e-01	0.000000e+00	0.000000e+00	0.000000e+00	
128	2.448572e-01	0.000000e+00	0.000000e+00	0.000000e+00	
129	2.448572e-01	0.000000e+00	0.000000e+00	0.000000e+00	
130	2.448572e-01	0.000000e+00	0.000000e+00	0.000000e+00	
131	2.448572e-01	0.000000e+00	0.000000e+00	0.000000e+00	
132	2.448572e-01	0.000000e+00	0.000000e+00	0.000000e+00	
133	2.448572e-01	0.000000e+00	0.000000e+00	0.000000e+00	
134	2.448572e-01	0.000000e+00	0.000000e+00	0.000000e+00	
135	2.448572e-01	0.000000e+00	0.000000e+00	0.000000e+00	
136	2.448572e-01	0.000000e+00	0.000000e+00	0.000000e+00	
137	2.448572e-01	0.000000e+00	0.000000e+00	0.000000e+00	
138	2.448572e-01	0.000000e+00	0.000000e+00	0.000000e+00	
139	2.448572e-01	0.000000e+00	0.000000e+00	0.000000e+00	
140	2.448572e-01	0.000000e+00	0.000000e+00	0.000000e+00	
141	2.448572e-01	0.000000e+00	0.000000e+00	0.000000e+00	
142	2.448572e-01	0.000000e+00	0.000000e+00	0.000000e+00	
143	2.448572e-01	0.000000e+00	0.000000e+00	0.000000e+00	
144	2.448572e-01	0.000000e+00	0.000000e+00	0.000000e+00	
145	2.448572e-01	0.000000e+00	0.000000e+00	0.000000e+00	
146	2.448572e-01	0.000000e+00	0.000000e+00	0.000000e+00	
147	2.448572e-01	0.000000e+00	0.000000e+00	0.000000e+00	
148	2.448572e-01	0.000000e+00	0.000000e+00	0.000000e+00	
149	2.448572e-01	0.000000e+00	0.000000e+00	0.000000e+00	
150	2.448572e-01	0.000000e+00	0.000000e+00	0.000000e+00	
151	2.448572e-01	0.000000e+00	0.000000e+00	0.000000e+00	
152	2.448572e-01	0.000000e+00	0.000000e+00	0.000000e+00	
153	2.448572e-01	0.000000e+00	0.000000e+00	0.000000e+00	
154	2.448572e-01	0.000000e+00	0.000000e+00	0.000000e+00	
155	2.448572e-01	0.000000e+00	0.000000e+00	0.000000e+00	
156	2.448572e-01	0.000000e+00	0.000000e+00	0.000000e+00	
157	2.448572e-01	0.000000e+00	0.000000e+00	0.000000e+00	
158	2.448572e-01	0.000000e+00	0.000000e+00	0.000000e+00	
159	2.448572e-01	0.000000e+00	0.000000e+00	0.000000e+00	
160	2.448572e-01	0.000000e+00	0.000000e+00	0.000000e+00	
161	2.448572e-01	0.000000e+00	0.000000e+00	0.000000e+00	
162	2.448572e-01	0.000000e+00	0.000000e+00	0.000000e+00	
163	2.448572e-01	0.000000e+00	0.000000e+00	0.000000e+00	
164	2.448572e-01	0.000000e+00	0.000000e+00	0.000000e+00	
165	2.448573e-01	0.000000e+00	0.000000e+00	0.000000e+00	
166	2.448573e-01	0.000000e+00	0.000000e+00	0.000000e+00	
167	2.448575e-01	0.000000e+00	0.000000e+00	0.000000e+00	
168	2.448578e-01	0.000000e+00	0.000000e+00	0.000000e+00	
169	2.448585e-01	0.000000e+00	0.000000e+00	0.000000e+00	
170	2.448599e-01	0.000000e+00	0.000000e+00	0.000000e+00	

Index   time            a4#branch_1_0   a8#branch_1_0   a9#branch_1_0   
--------------------------------------------------------------------------------
171	2.448625e-01	0.000000e+00	0.000000e+00	0.000000e+00	
172	2.448679e-01	0.000000e+00	0.000000e+00	0.000000e+00	
173	2.448787e-01	0.000000e+00	0.000000e+00	0.000000e+00	
174	2.449001e-01	0.000000e+00	0.000000e+00	0.000000e+00	
175	2.449431e-01	0.000000e+00	0.000000e+00	0.000000e+00	
176	2.450290e-01	0.000000e+00	0.000000e+00	0.000000e+00	
177	2.452008e-01	0.000000e+00	0.000000e+00	0.000000e+00	
178	2.455444e-01	0.000000e+00	0.000000e+00	0.000000e+00	
179	2.462316e-01	0.000000e+00	0.000000e+00	0.000000e+00	
180	2.476060e-01	0.000000e+00	0.000000e+00	0.000000e+00	
181	2.503547e-01	0.000000e+00	0.000000e+00	0.000000e+00	
182	2.558523e-01	0.000000e+00	0.000000e+00	0.000000e+00	
183	2.668474e-01	0.000000e+00	0.000000e+00	0.000000e+00	
184	2.668474e-01	0.000000e+00	0.000000e+00	0.000000e+00	
185	2.668474e-01	0.000000e+00	0.000000e+00	0.000000e+00	
186	2.668474e-01	0.000000e+00	0.000000e+00	0.000000e+00	
187	2.668474e-01	0.000000e+00	0.000000e+00	0.000000e+00	
188	2.668474e-01	0.000000e+00	0.000000e+00	0.000000e+00	
189	2.668474e-01	0.000000e+00	0.000000e+00	0.000000e+00	
190	2.668474e-01	0.000000e+00	0.000000e+00	0.000000e+00	
191	2.668474e-01	0.000000e+00	0.000000e+00	0.000000e+00	
192	2.668474e-01	0.000000e+00	0.000000e+00	0.000000e+00	
193	2.668474e-01	0.000000e+00	0.000000e+00	0.000000e+00	
194	2.668474e-01	0.000000e+00	0.000000e+00	0.000000e+00	
195	2.668474e-01	0.000000e+00	0.000000e+00	0.000000e+00	
196	2.668474e-01	0.000000e+00	0.000000e+00	0.000000e+00	
197	2.668474e-01	0.000000e+00	0.000000e+00	0.000000e+00	
198	2.668474e-01	0.000000e+00	0.000000e+00	0.000000e+00	
199	2.668474e-01	0.000000e+00	0.000000e+00	0.000000e+00	
200	2.668474e-01	0.000000e+00	0.000000e+00	0.000000e+00	
201	2.668474e-01	0.000000e+00	0.000000e+00	0.000000e+00	
202	2.668474e-01	0.000000e+00	0.000000e+00	0.000000e+00	
203	2.668474e-01	0.000000e+00	0.000000e+00	0.000000e+00	
204	2.668474e-01	0.000000e+00	0.000000e+00	0.000000e+00	
205	2.668474e-01	0.000000e+00	0.000000e+00	0.000000e+00	
206	2.668474e-01	0.000000e+00	0.000000e+00	0.000000e+00	
207	2.668474e-01	0.000000e+00	0.000000e+00	0.000000e+00	
208	2.668474e-01	0.000000e+00	0.000000e+00	0.000000e+00	
209	2.668474e-01	0.000000e+00	0.000000e+00	0.000000e+00	
210	2.668474e-01	0.000000e+00	0.000000e+00	0.000000e+00	
211	2.668474e-01	0.000000e+00	0.000000e+00	0.000000e+00	
212	2.668474e-01	0.000000e+00	0.000000e+00	0.000000e+00	
213	2.668474e-01	0.000000e+00	0.000000e+00	0.000000e+00	
214	2.668474e-01	0.000000e+00	0.000000e+00	0.000000e+00	
215	2.668474e-01	0.000000e+00	0.000000e+00	0.000000e+00	
216	2.668474e-01	0.000000e+00	0.000000e+00	0.000000e+00	
217	2.668475e-01	0.000000e+00	0.000000e+00	0.000000e+00	
218	2.668475e-01	0.000000e+00	0.000000e+00	0.000000e+00	
219	2.668475e-01	0.000000e+00	0.000000e+00	0.000000e+00	
220	2.668477e-01	0.000000e+00	0.000000e+00	0.000000e+00	
221	2.668479e-01	0.000000e+00	0.000000e+00	0.000000e+00	
222	2.668485e-01	0.000000e+00	0.000000e+00	0.000000e+00	
223	2.668495e-01	0.000000e+00	0.000000e+00	0.000000e+00	
224	2.668516e-01	0.000000e+00	0.000000e+00	0.000000e+00	
225	2.668558e-01	0.000000e+00	0.000000e+00	0.000000e+00	
226	2.668642e-01	0.000000e+00	0.000000e+00	0.000000e+00	
227	2.668810e-01	0.000000e+00	0.000000e+00	0.000000e+00	
228	2.669145e-01	0.000000e+00	0.000000e+00	0.000000e+00	

Index   time            a4#branch_1_0   a8#branch_1_0   a9#branch_1_0   
--------------------------------------------------------------------------------
229	2.669816e-01	0.000000e+00	0.000000e+00	0.000000e+00	
230	2.671159e-01	0.000000e+00	0.000000e+00	0.000000e+00	
231	2.673843e-01	0.000000e+00	0.000000e+00	0.000000e+00	
232	2.679212e-01	0.000000e+00	0.000000e+00	0.000000e+00	
233	2.689949e-01	0.000000e+00	0.000000e+00	0.000000e+00	
234	2.711424e-01	0.000000e+00	0.000000e+00	0.000000e+00	
235	2.754374e-01	0.000000e+00	0.000000e+00	0.000000e+00	
236	2.840273e-01	0.000000e+00	0.000000e+00	0.000000e+00	
237	3.012072e-01	0.000000e+00	0.000000e+00	0.000000e+00	
238	3.212072e-01	0.000000e+00	0.000000e+00	0.000000e+00	
239	3.412072e-01	0.000000e+00	0.000000e+00	0.000000e+00	
240	3.612072e-01	0.000000e+00	0.000000e+00	0.000000e+00	
241	3.812072e-01	0.000000e+00	0.000000e+00	0.000000e+00	
242	4.012072e-01	0.000000e+00	0.000000e+00	0.000000e+00	
243	4.212072e-01	0.000000e+00	0.000000e+00	0.000000e+00	
244	4.412072e-01	0.000000e+00	0.000000e+00	0.000000e+00	
245	4.612072e-01	0.000000e+00	0.000000e+00	0.000000e+00	
246	4.812072e-01	0.000000e+00	0.000000e+00	0.000000e+00	
247	5.012072e-01	0.000000e+00	0.000000e+00	0.000000e+00	
248	5.212072e-01	0.000000e+00	0.000000e+00	0.000000e+00	
249	5.212072e-01	0.000000e+00	0.000000e+00	0.000000e+00	
250	5.212072e-01	0.000000e+00	0.000000e+00	0.000000e+00	
251	5.212072e-01	0.000000e+00	0.000000e+00	0.000000e+00	
252	5.212072e-01	0.000000e+00	0.000000e+00	0.000000e+00	
253	5.212072e-01	0.000000e+00	0.000000e+00	0.000000e+00	
254	5.212072e-01	0.000000e+00	0.000000e+00	0.000000e+00	
255	5.212072e-01	0.000000e+00	0.000000e+00	0.000000e+00	
256	5.212072e-01	0.000000e+00	0.000000e+00	0.000000e+00	
257	5.212072e-01	0.000000e+00	0.000000e+00	0.000000e+00	
258	5.212072e-01	0.000000e+00	0.000000e+00	0.000000e+00	
259	5.212072e-01	0.000000e+00	0.000000e+00	0.000000e+00	
260	5.212072e-01	0.000000e+00	0.000000e+00	0.000000e+00	
261	5.212072e-01	0.000000e+00	0.000000e+00	0.000000e+00	
262	5.212072e-01	0.000000e+00	0.000000e+00	0.000000e+00	
263	5.212072e-01	0.000000e+00	0.000000e+00	0.000000e+00	
264	5.212072e-01	0.000000e+00	0.000000e+00	0.000000e+00	
265	5.212072e-01	0.000000e+00	0.000000e+00	0.000000e+00	
266	5.212072e-01	0.000000e+00	0.000000e+00	0.000000e+00	
267	5.212072e-01	0.000000e+00	0.000000e+00	0.000000e+00	
268	5.212072e-01	0.000000e+00	0.000000e+00	0.000000e+00	
269	5.212072e-01	0.000000e+00	0.000000e+00	0.000000e+00	
270	5.212072e-01	0.000000e+00	0.000000e+00	0.000000e+00	
271	5.212072e-01	0.000000e+00	0.000000e+00	0.000000e+00	
272	5.212072e-01	0.000000e+00	0.000000e+00	0.000000e+00	
273	5.212072e-01	0.000000e+00	0.000000e+00	0.000000e+00	
274	5.212072e-01	0.000000e+00	0.000000e+00	0.000000e+00	
275	5.212072e-01	0.000000e+00	0.000000e+00	0.000000e+00	
276	5.212072e-01	0.000000e+00	0.000000e+00	0.000000e+00	
277	5.212072e-01	0.000000e+00	0.000000e+00	0.000000e+00	
278	5.212072e-01	0.000000e+00	0.000000e+00	0.000000e+00	
279	5.212072e-01	0.000000e+00	0.000000e+00	0.000000e+00	
280	5.212072e-01	0.000000e+00	0.000000e+00	0.000000e+00	
281	5.212072e-01	0.000000e+00	0.000000e+00	0.000000e+00	
282	5.212072e-01	0.000000e+00	0.000000e+00	0.000000e+00	
283	5.212072e-01	0.000000e+00	0.000000e+00	0.000000e+00	
284	5.212072e-01	0.000000e+00	0.000000e+00	0.000000e+00	
285	5.212072e-01	0.000000e+00	0.000000e+00	0.000000e+00	
286	5.212073e-01	0.000000e+00	0.000000e+00	0.000000e+00	

Index   time            a4#branch_1_0   a8#branch_1_0   a9#branch_1_0   
--------------------------------------------------------------------------------
287	5.212073e-01	0.000000e+00	0.000000e+00	0.000000e+00	
288	5.212075e-01	0.000000e+00	0.000000e+00	0.000000e+00	
289	5.212078e-01	0.000000e+00	0.000000e+00	0.000000e+00	
290	5.212085e-01	0.000000e+00	0.000000e+00	0.000000e+00	
291	5.212099e-01	0.000000e+00	0.000000e+00	0.000000e+00	
292	5.212125e-01	0.000000e+00	0.000000e+00	0.000000e+00	
293	5.212179e-01	0.000000e+00	0.000000e+00	0.000000e+00	
294	5.212286e-01	0.000000e+00	0.000000e+00	0.000000e+00	
295	5.212501e-01	0.000000e+00	0.000000e+00	0.000000e+00	
296	5.212931e-01	0.000000e+00	0.000000e+00	0.000000e+00	
297	5.213790e-01	0.000000e+00	0.000000e+00	0.000000e+00	
298	5.215508e-01	0.000000e+00	0.000000e+00	0.000000e+00	
299	5.218944e-01	0.000000e+00	0.000000e+00	0.000000e+00	
300	5.225816e-01	0.000000e+00	0.000000e+00	0.000000e+00	
301	5.239559e-01	0.000000e+00	0.000000e+00	0.000000e+00	
302	5.267047e-01	0.000000e+00	0.000000e+00	0.000000e+00	
303	5.322023e-01	0.000000e+00	0.000000e+00	0.000000e+00	
304	5.431974e-01	0.000000e+00	0.000000e+00	0.000000e+00	
305	5.631974e-01	0.000000e+00	0.000000e+00	0.000000e+00	
306	5.631974e-01	0.000000e+00	0.000000e+00	0.000000e+00	
307	5.631974e-01	0.000000e+00	0.000000e+00	0.000000e+00	
308	5.631974e-01	0.000000e+00	0.000000e+00	0.000000e+00	
309	5.631974e-01	0.000000e+00	0.000000e+00	0.000000e+00	
310	5.631974e-01	0.000000e+00	0.000000e+00	0.000000e+00	
311	5.631974e-01	0.000000e+00	0.000000e+00	0.000000e+00	
312	5.631974e-01	0.000000e+00	0.000000e+00	0.000000e+00	
313	5.631974e-01	0.000000e+00	0.000000e+00	0.000000e+00	
314	5.631974e-01	0.000000e+00	0.000000e+00	0.000000e+00	
315	5.631974e-01	0.000000e+00	0.000000e+00	0.000000e+00	
316	5.631974e-01	0.000000e+00	0.000000e+00	0.000000e+00	
317	5.631974e-01	0.000000e+00	0.000000e+00	0.000000e+00	
318	5.631974e-01	0.000000e+00	0.000000e+00	0.000000e+00	
319	5.631974e-01	0.000000e+00	0.000000e+00	0.000000e+00	
320	5.631974e-01	0.000000e+00	0.000000e+00	0.000000e+00	
321	5.631974e-01	0.000000e+00	0.000000e+00	0.000000e+00	
322	5.631974e-01	0.000000e+00	0.000000e+00	0.000000e+00	
323	5.631974e-01	0.000000e+00	0.000000e+00	0.000000e+00	
324	5.631974e-01	0.000000e+00	0.000000e+00	0.000000e+00	
325	5.631974e-01	0.000000e+00	0.000000e+00	0.000000e+00	
326	5.631974e-01	0.000000e+00	0.000000e+00	0.000000e+00	
327	5.631974e-01	0.000000e+00	0.000000e+00	0.000000e+00	
328	5.631974e-01	0.000000e+00	0.000000e+00	0.000000e+00	
329	5.631974e-01	0.000000e+00	0.000000e+00	0.000000e+00	
330	5.631974e-01	0.000000e+00	0.000000e+00	0.000000e+00	
331	5.631974e-01	0.000000e+00	0.000000e+00	0.000000e+00	
332	5.631974e-01	0.000000e+00	0.000000e+00	0.000000e+00	
333	5.631974e-01	0.000000e+00	0.000000e+00	0.000000e+00	
334	5.631974e-01	0.000000e+00	0.000000e+00	0.000000e+00	
335	5.631974e-01	0.000000e+00	0.000000e+00	0.000000e+00	
336	5.631974e-01	0.000000e+00	0.000000e+00	0.000000e+00	
337	5.631974e-01	0.000000e+00	0.000000e+00	0.000000e+00	
338	5.631974e-01	0.000000e+00	0.000000e+00	0.000000e+00	
339	5.631974e-01	0.000000e+00	0.000000e+00	0.000000e+00	
340	5.631975e-01	0.000000e+00	0.000000e+00	0.000000e+00	
341	5.631975e-01	0.000000e+00	0.000000e+00	0.000000e+00	
342	5.631977e-01	0.000000e+00	0.000000e+00	0.000000e+00	
343	5.631979e-01	0.000000e+00	0.000000e+00	0.000000e+00	
344	5.631985e-01	0.000000e+00	0.000000e+00	0.000000e+00	

Index   time            a4#branch_1_0   a8#branch_1_0   a9#branch_1_0   
--------------------------------------------------------------------------------
345	5.631995e-01	0.000000e+00	0.000000e+00	0.000000e+00	
346	5.632016e-01	0.000000e+00	0.000000e+00	0.000000e+00	
347	5.632058e-01	0.000000e+00	0.000000e+00	0.000000e+00	
348	5.632142e-01	0.000000e+00	0.000000e+00	0.000000e+00	
349	5.632310e-01	0.000000e+00	0.000000e+00	0.000000e+00	
350	5.632645e-01	0.000000e+00	0.000000e+00	0.000000e+00	
351	5.633316e-01	0.000000e+00	0.000000e+00	0.000000e+00	
352	5.634658e-01	0.000000e+00	0.000000e+00	0.000000e+00	
353	5.637343e-01	0.000000e+00	0.000000e+00	0.000000e+00	
354	5.642711e-01	0.000000e+00	0.000000e+00	0.000000e+00	
355	5.653449e-01	0.000000e+00	0.000000e+00	0.000000e+00	
356	5.674924e-01	0.000000e+00	0.000000e+00	0.000000e+00	
357	5.717873e-01	0.000000e+00	0.000000e+00	0.000000e+00	
358	5.803773e-01	0.000000e+00	0.000000e+00	0.000000e+00	
359	5.975571e-01	0.000000e+00	0.000000e+00	0.000000e+00	
360	6.175571e-01	0.000000e+00	0.000000e+00	0.000000e+00	
361	6.375571e-01	0.000000e+00	0.000000e+00	0.000000e+00	
362	6.575571e-01	0.000000e+00	0.000000e+00	0.000000e+00	
363	6.775571e-01	0.000000e+00	0.000000e+00	0.000000e+00	
364	6.975571e-01	0.000000e+00	0.000000e+00	0.000000e+00	
365	7.175571e-01	0.000000e+00	0.000000e+00	0.000000e+00	
366	7.375571e-01	0.000000e+00	0.000000e+00	0.000000e+00	
367	7.375572e-01	0.000000e+00	0.000000e+00	0.000000e+00	
368	7.375572e-01	0.000000e+00	0.000000e+00	0.000000e+00	
369	7.375572e-01	0.000000e+00	0.000000e+00	0.000000e+00	
370	7.375572e-01	0.000000e+00	0.000000e+00	0.000000e+00	
371	7.375572e-01	0.000000e+00	0.000000e+00	0.000000e+00	
372	7.375572e-01	0.000000e+00	0.000000e+00	0.000000e+00	
373	7.375572e-01	0.000000e+00	0.000000e+00	0.000000e+00	
374	7.375572e-01	0.000000e+00	0.000000e+00	0.000000e+00	
375	7.375572e-01	0.000000e+00	0.000000e+00	0.000000e+00	
376	7.375572e-01	0.000000e+00	0.000000e+00	0.000000e+00	
377	7.375572e-01	0.000000e+00	0.000000e+00	0.000000e+00	
378	7.375572e-01	0.000000e+00	0.000000e+00	0.000000e+00	
379	7.375572e-01	0.000000e+00	0.000000e+00	0.000000e+00	
380	7.375572e-01	0.000000e+00	0.000000e+00	0.000000e+00	
381	7.375572e-01	0.000000e+00	0.000000e+00	0.000000e+00	
382	7.375572e-01	0.000000e+00	0.000000e+00	0.000000e+00	
383	7.375572e-01	0.000000e+00	0.000000e+00	0.000000e+00	
384	7.375572e-01	0.000000e+00	0.000000e+00	0.000000e+00	
385	7.375572e-01	0.000000e+00	0.000000e+00	0.000000e+00	
386	7.375572e-01	0.000000e+00	0.000000e+00	0.000000e+00	
387	7.375572e-01	0.000000e+00	0.000000e+00	0.000000e+00	
388	7.375572e-01	0.000000e+00	0.000000e+00	0.000000e+00	
389	7.375572e-01	0.000000e+00	0.000000e+00	0.000000e+00	
390	7.375572e-01	0.000000e+00	0.000000e+00	0.000000e+00	
391	7.375572e-01	0.000000e+00	0.000000e+00	0.000000e+00	
392	7.375572e-01	0.000000e+00	0.000000e+00	0.000000e+00	
393	7.375572e-01	0.000000e+00	0.000000e+00	0.000000e+00	
394	7.375572e-01	0.000000e+00	0.000000e+00	0.000000e+00	
395	7.375572e-01	0.000000e+00	0.000000e+00	0.000000e+00	
396	7.375572e-01	0.000000e+00	0.000000e+00	0.000000e+00	
397	7.375572e-01	0.000000e+00	0.000000e+00	0.000000e+00	
398	7.375572e-01	0.000000e+00	0.000000e+00	0.000000e+00	
399	7.375572e-01	0.000000e+00	0.000000e+00	0.000000e+00	
400	7.375572e-01	0.000000e+00	0.000000e+00	0.000000e+00	
401	7.375572e-01	0.000000e+00	0.000000e+00	0.000000e+00	
402	7.375572e-01	0.000000e+00	0.000000e+00	0.000000e+00	

Index   time            a4#branch_1_0   a8#branch_1_0   a9#branch_1_0   
--------------------------------------------------------------------------------
403	7.375572e-01	0.000000e+00	0.000000e+00	0.000000e+00	
404	7.375572e-01	0.000000e+00	0.000000e+00	0.000000e+00	
405	7.375573e-01	0.000000e+00	0.000000e+00	0.000000e+00	
406	7.375575e-01	0.000000e+00	0.000000e+00	0.000000e+00	
407	7.375578e-01	0.000000e+00	0.000000e+00	0.000000e+00	
408	7.375585e-01	0.000000e+00	0.000000e+00	0.000000e+00	
409	7.375598e-01	0.000000e+00	0.000000e+00	0.000000e+00	
410	7.375625e-01	0.000000e+00	0.000000e+00	0.000000e+00	
411	7.375679e-01	0.000000e+00	0.000000e+00	0.000000e+00	
412	7.375786e-01	0.000000e+00	0.000000e+00	0.000000e+00	
413	7.376001e-01	0.000000e+00	0.000000e+00	0.000000e+00	
414	7.376431e-01	0.000000e+00	0.000000e+00	0.000000e+00	
415	7.377290e-01	0.000000e+00	0.000000e+00	0.000000e+00	
416	7.379008e-01	0.000000e+00	0.000000e+00	0.000000e+00	
417	7.382443e-01	0.000000e+00	0.000000e+00	0.000000e+00	
418	7.389315e-01	0.000000e+00	0.000000e+00	0.000000e+00	
419	7.403059e-01	0.000000e+00	0.000000e+00	0.000000e+00	
420	7.430547e-01	0.000000e+00	0.000000e+00	0.000000e+00	
421	7.485523e-01	0.000000e+00	0.000000e+00	0.000000e+00	
422	7.595474e-01	0.000000e+00	0.000000e+00	0.000000e+00	
423	7.595474e-01	0.000000e+00	0.000000e+00	0.000000e+00	
424	7.595474e-01	0.000000e+00	0.000000e+00	0.000000e+00	
425	7.595474e-01	0.000000e+00	0.000000e+00	0.000000e+00	
426	7.595474e-01	0.000000e+00	0.000000e+00	0.000000e+00	
427	7.595474e-01	0.000000e+00	0.000000e+00	0.000000e+00	
428	7.595474e-01	0.000000e+00	0.000000e+00	0.000000e+00	
429	7.595474e-01	0.000000e+00	0.000000e+00	0.000000e+00	
430	7.595474e-01	0.000000e+00	0.000000e+00	0.000000e+00	
431	7.595474e-01	0.000000e+00	0.000000e+00	0.000000e+00	
432	7.595474e-01	0.000000e+00	0.000000e+00	0.000000e+00	
433	7.595474e-01	0.000000e+00	0.000000e+00	0.000000e+00	
434	7.595474e-01	0.000000e+00	0.000000e+00	0.000000e+00	
435	7.595474e-01	0.000000e+00	0.000000e+00	0.000000e+00	
436	7.595474e-01	0.000000e+00	0.000000e+00	0.000000e+00	
437	7.595474e-01	0.000000e+00	0.000000e+00	0.000000e+00	
438	7.595474e-01	0.000000e+00	0.000000e+00	0.000000e+00	
439	7.595474e-01	0.000000e+00	0.000000e+00	0.000000e+00	
440	7.595474e-01	0.000000e+00	0.000000e+00	0.000000e+00	
441	7.595474e-01	0.000000e+00	0.000000e+00	0.000000e+00	
442	7.595474e-01	0.000000e+00	0.000000e+00	0.000000e+00	
443	7.595474e-01	0.000000e+00	0.000000e+00	0.000000e+00	
444	7.595474e-01	0.000000e+00	0.000000e+00	0.000000e+00	
445	7.595474e-01	0.000000e+00	0.000000e+00	0.000000e+00	
446	7.595474e-01	0.000000e+00	0.000000e+00	0.000000e+00	
447	7.595474e-01	0.000000e+00	0.000000e+00	0.000000e+00	
448	7.595474e-01	0.000000e+00	0.000000e+00	0.000000e+00	
449	7.595474e-01	0.000000e+00	0.000000e+00	0.000000e+00	
450	7.595474e-01	0.000000e+00	0.000000e+00	0.000000e+00	
451	7.595474e-01	0.000000e+00	0.000000e+00	0.000000e+00	
452	7.595474e-01	0.000000e+00	0.000000e+00	0.000000e+00	
453	7.595474e-01	0.000000e+00	0.000000e+00	0.000000e+00	
454	7.595474e-01	0.000000e+00	0.000000e+00	0.000000e+00	
455	7.595474e-01	0.000000e+00	0.000000e+00	0.000000e+00	
456	7.595474e-01	0.000000e+00	0.000000e+00	0.000000e+00	
457	7.595475e-01	0.000000e+00	0.000000e+00	0.000000e+00	
458	7.595475e-01	0.000000e+00	0.000000e+00	0.000000e+00	
459	7.595477e-01	0.000000e+00	0.000000e+00	0.000000e+00	
460	7.595479e-01	0.000000e+00	0.000000e+00	0.000000e+00	

Index   time            a4#branch_1_0   a8#branch_1_0   a9#branch_1_0   
--------------------------------------------------------------------------------
461	7.595484e-01	0.000000e+00	0.000000e+00	0.000000e+00	
462	7.595495e-01	0.000000e+00	0.000000e+00	0.000000e+00	
463	7.595516e-01	0.000000e+00	0.000000e+00	0.000000e+00	
464	7.595558e-01	0.000000e+00	0.000000e+00	0.000000e+00	
465	7.595642e-01	0.000000e+00	0.000000e+00	0.000000e+00	
466	7.595809e-01	0.000000e+00	0.000000e+00	0.000000e+00	
467	7.596145e-01	0.000000e+00	0.000000e+00	0.000000e+00	
468	7.596816e-01	0.000000e+00	0.000000e+00	0.000000e+00	
469	7.598158e-01	0.000000e+00	0.000000e+00	0.000000e+00	
470	7.600843e-01	0.000000e+00	0.000000e+00	0.000000e+00	
471	7.606211e-01	0.000000e+00	0.000000e+00	0.000000e+00	
472	7.616949e-01	0.000000e+00	0.000000e+00	0.000000e+00	
473	7.638424e-01	0.000000e+00	0.000000e+00	0.000000e+00	
474	7.681373e-01	0.000000e+00	0.000000e+00	0.000000e+00	
475	7.767273e-01	0.000000e+00	0.000000e+00	0.000000e+00	
476	7.939071e-01	0.000000e+00	0.000000e+00	0.000000e+00	
477	8.139071e-01	0.000000e+00	0.000000e+00	0.000000e+00	
478	8.339071e-01	0.000000e+00	0.000000e+00	0.000000e+00	
479	8.539071e-01	0.000000e+00	0.000000e+00	0.000000e+00	
480	8.739071e-01	0.000000e+00	0.000000e+00	0.000000e+00	
481	8.939071e-01	0.000000e+00	0.000000e+00	0.000000e+00	
482	9.139071e-01	0.000000e+00	0.000000e+00	0.000000e+00	
483	9.339071e-01	0.000000e+00	0.000000e+00	0.000000e+00	
484	9.539071e-01	0.000000e+00	0.000000e+00	0.000000e+00	
485	9.739071e-01	0.000000e+00	0.000000e+00	0.000000e+00	
486	9.939071e-01	0.000000e+00	0.000000e+00	0.000000e+00	
487	1.000000e+00	0.000000e+00	0.000000e+00	0.000000e+00	

* e:\self\hackathon\mixed_signal_soc_design_marathon\vinayak\self-correcting-message-system-using-hamming-code\self_correcting_message_system\self_correcting_message_system.cir
Transient Analysis  Sun Oct 09 11:43:27  2022
--------------------------------------------------------------------------------
Index   time            v01#branch      v02#branch      v03#branch      
--------------------------------------------------------------------------------
0	0.000000e+00	0.000000e+00	-2.83709e-03	2.811561e-11	
1	1.000000e-04	-2.36520e-13	-2.83709e-03	2.814703e-11	
2	2.000000e-04	-2.48985e-13	-2.83709e-03	2.813729e-11	
3	4.000000e-04	-2.59009e-13	-2.83709e-03	2.813118e-11	
4	8.000000e-04	-2.55587e-13	-2.83709e-03	2.814302e-11	
5	1.600000e-03	-2.43390e-13	-2.83709e-03	2.818406e-11	
6	3.200000e-03	-1.93952e-13	-2.83709e-03	2.835646e-11	
7	6.400000e-03	-1.36894e-13	-2.83709e-03	2.878912e-11	
8	1.280000e-02	-1.23859e-13	-2.83709e-03	2.944540e-11	
9	2.560000e-02	-1.07201e-13	-2.83709e-03	2.973090e-11	
10	4.560000e-02	-1.80325e-13	-2.83709e-03	1.735770e-11	
11	4.560000e-02	-4.28608e-13	-2.83709e-03	1.711303e-11	
12	4.560000e-02	-3.04257e-13	-2.83709e-03	1.723641e-11	
13	4.560000e-02	-3.04052e-13	-2.83709e-03	1.723768e-11	
14	4.560000e-02	-3.04143e-13	-2.83709e-03	1.723661e-11	
15	4.560000e-02	-3.03922e-13	-2.83709e-03	1.723827e-11	
16	4.560000e-02	-3.03994e-13	-2.83709e-03	1.723773e-11	
17	4.560000e-02	-3.03967e-13	-2.83709e-03	1.723766e-11	
18	4.560000e-02	-3.03914e-13	-2.83709e-03	1.723817e-11	
19	4.560001e-02	-3.03813e-13	-2.83709e-03	1.723876e-11	
20	4.560001e-02	-3.03679e-13	-2.83709e-03	1.723917e-11	
21	4.560001e-02	-3.03680e-13	-2.83709e-03	1.723921e-11	
22	4.560001e-02	-3.03674e-13	-2.83709e-03	1.723944e-11	
23	4.560001e-02	-3.03663e-13	-2.83709e-03	1.723935e-11	
24	4.560001e-02	-3.03662e-13	-2.83709e-03	1.723911e-11	
25	4.560001e-02	-3.03663e-13	-2.83709e-03	1.723920e-11	
26	4.560001e-02	-3.03673e-13	-2.83709e-03	1.723928e-11	
27	4.560001e-02	-3.03665e-13	-2.83709e-03	1.723937e-11	
28	4.560001e-02	-3.03664e-13	-2.83709e-03	1.723937e-11	
29	4.560001e-02	-3.03656e-13	-2.83709e-03	1.723916e-11	
30	4.560001e-02	-3.03669e-13	-2.83709e-03	1.723949e-11	
31	4.560001e-02	-3.03663e-13	-2.83709e-03	1.723942e-11	
32	4.560001e-02	-3.03662e-13	-2.83709e-03	1.723942e-11	
33	4.560001e-02	-3.03649e-13	-2.83709e-03	1.723919e-11	
34	4.560001e-02	-3.03645e-13	-2.83709e-03	1.723931e-11	
35	4.560001e-02	-3.03629e-13	-2.83709e-03	1.723943e-11	
36	4.560001e-02	-3.03603e-13	-2.83709e-03	1.723956e-11	
37	4.560001e-02	-3.03531e-13	-2.83709e-03	1.723987e-11	
38	4.560001e-02	-3.03527e-13	-2.83709e-03	1.724023e-11	
39	4.560001e-02	-3.03508e-13	-2.83709e-03	1.724025e-11	
40	4.560001e-02	-3.03485e-13	-2.83709e-03	1.724027e-11	
41	4.560001e-02	-3.03436e-13	-2.83709e-03	1.724065e-11	
42	4.560001e-02	-3.03336e-13	-2.83709e-03	1.724101e-11	
43	4.560001e-02	-3.03149e-13	-2.83709e-03	1.724198e-11	
44	4.560001e-02	-3.02804e-13	-2.83709e-03	1.724386e-11	
45	4.560002e-02	-3.02200e-13	-2.83709e-03	1.724689e-11	
46	4.560003e-02	-3.01316e-13	-2.83709e-03	1.725163e-11	
47	4.560005e-02	-3.00449e-13	-2.83709e-03	1.725728e-11	
48	4.560009e-02	-3.00549e-13	-2.83709e-03	1.725937e-11	
49	4.560017e-02	-3.02896e-13	-2.83709e-03	1.725339e-11	
50	4.560034e-02	-3.08256e-13	-2.83709e-03	1.723803e-11	
51	4.560068e-02	-3.17901e-13	-2.83709e-03	1.721053e-11	
52	4.560135e-02	-3.34109e-13	-2.83709e-03	1.716416e-11	
53	4.560269e-02	-3.56918e-13	-2.83709e-03	1.709838e-11	
54	4.560538e-02	-3.80163e-13	-2.83709e-03	1.703080e-11	

Index   time            v01#branch      v02#branch      v03#branch      
--------------------------------------------------------------------------------
55	4.561074e-02	-3.92281e-13	-2.83709e-03	1.699349e-11	
56	4.562148e-02	-3.92610e-13	-2.83709e-03	1.698852e-11	
57	4.564296e-02	-3.92717e-13	-2.83709e-03	1.697976e-11	
58	4.568591e-02	-3.93189e-13	-2.83709e-03	1.696225e-11	
59	4.577181e-02	-3.94063e-13	-2.83709e-03	1.692779e-11	
60	4.594360e-02	-3.96445e-13	-2.83709e-03	1.686143e-11	
61	4.628720e-02	-4.02570e-13	-2.83709e-03	1.674121e-11	
62	4.697440e-02	-4.21056e-13	-2.83709e-03	1.655335e-11	
63	4.834879e-02	-4.62006e-13	-2.83709e-03	1.645657e-11	
64	5.109757e-02	-5.29819e-13	-2.83709e-03	1.873758e-11	
65	5.659512e-02	-5.26925e-13	-2.83709e-03	6.069881e-11	
66	5.659513e-02	-4.86065e-13	-2.83709e-03	5.946912e-11	
67	5.659513e-02	-5.06001e-13	-2.83709e-03	6.008254e-11	
68	5.659513e-02	-5.05659e-13	-2.83709e-03	6.008702e-11	
69	5.659513e-02	-5.06379e-13	-2.83709e-03	6.008191e-11	
70	5.659513e-02	-5.05927e-13	-2.83709e-03	6.008646e-11	
71	5.659513e-02	-5.06197e-13	-2.83709e-03	6.008413e-11	
72	5.659513e-02	-5.06214e-13	-2.83709e-03	6.008426e-11	
73	5.659513e-02	-5.06233e-13	-2.83709e-03	6.008427e-11	
74	5.659513e-02	-5.06241e-13	-2.83709e-03	6.008429e-11	
75	5.659513e-02	-5.06241e-13	-2.83709e-03	6.008424e-11	
76	5.659513e-02	-5.06245e-13	-2.83709e-03	6.008415e-11	
77	5.659513e-02	-5.06243e-13	-2.83709e-03	6.008400e-11	
78	5.659513e-02	-5.06244e-13	-2.83709e-03	6.008389e-11	
79	5.659513e-02	-5.06240e-13	-2.83709e-03	6.008403e-11	
80	5.659513e-02	-5.06241e-13	-2.83709e-03	6.008418e-11	
81	5.659513e-02	-5.06250e-13	-2.83709e-03	6.008408e-11	
82	5.659513e-02	-5.06241e-13	-2.83709e-03	6.008417e-11	
83	5.659513e-02	-5.06242e-13	-2.83709e-03	6.008417e-11	
84	5.659513e-02	-5.06247e-13	-2.83709e-03	6.008422e-11	
85	5.659513e-02	-5.06251e-13	-2.83709e-03	6.008415e-11	
86	5.659513e-02	-5.06254e-13	-2.83709e-03	6.008424e-11	
87	5.659513e-02	-5.06247e-13	-2.83709e-03	6.008432e-11	
88	5.659513e-02	-5.06246e-13	-2.83709e-03	6.008421e-11	
89	5.659513e-02	-5.06247e-13	-2.83709e-03	6.008389e-11	
90	5.659513e-02	-5.06246e-13	-2.83709e-03	6.008414e-11	
91	5.659513e-02	-5.06249e-13	-2.83709e-03	6.008428e-11	
92	5.659513e-02	-5.06247e-13	-2.83709e-03	6.008425e-11	
93	5.659513e-02	-5.06251e-13	-2.83709e-03	6.008417e-11	
94	5.659513e-02	-5.06242e-13	-2.83709e-03	6.008422e-11	
95	5.659513e-02	-5.06246e-13	-2.83709e-03	6.008431e-11	
96	5.659513e-02	-5.06247e-13	-2.83709e-03	6.008433e-11	
97	5.659514e-02	-5.06245e-13	-2.83709e-03	6.008437e-11	
98	5.659515e-02	-5.06256e-13	-2.83709e-03	6.008467e-11	
99	5.659516e-02	-5.06250e-13	-2.83709e-03	6.008469e-11	
100	5.659520e-02	-5.06262e-13	-2.83709e-03	6.008530e-11	
101	5.659526e-02	-5.06271e-13	-2.83709e-03	6.008640e-11	
102	5.659539e-02	-5.06306e-13	-2.83709e-03	6.008850e-11	
103	5.659565e-02	-5.06350e-13	-2.83709e-03	6.009231e-11	
104	5.659618e-02	-5.06465e-13	-2.83709e-03	6.010061e-11	
105	5.659723e-02	-5.06663e-13	-2.83709e-03	6.011724e-11	
106	5.659932e-02	-5.07083e-13	-2.83709e-03	6.014999e-11	
107	5.660352e-02	-5.07905e-13	-2.83709e-03	6.021573e-11	
108	5.661191e-02	-5.09516e-13	-2.83709e-03	6.034744e-11	
109	5.662868e-02	-5.12596e-13	-2.83709e-03	6.061328e-11	
110	5.666224e-02	-5.18236e-13	-2.83709e-03	6.115193e-11	
111	5.672935e-02	-5.27678e-13	-2.83709e-03	6.225494e-11	
112	5.686357e-02	-5.40966e-13	-2.83709e-03	6.455702e-11	

Index   time            v01#branch      v02#branch      v03#branch      
--------------------------------------------------------------------------------
113	5.713200e-02	-5.54299e-13	-2.83709e-03	6.951030e-11	
114	5.766887e-02	-5.59729e-13	-2.83709e-03	8.060756e-11	
115	5.874261e-02	-5.25156e-13	-2.83709e-03	9.996277e-11	
116	6.089010e-02	-2.62567e-13	-2.83709e-03	4.497038e-11	
117	6.509014e-02	-3.62722e-13	-2.83709e-03	3.478982e-11	
118	7.167915e-02	-4.57022e-13	-2.83709e-03	2.585247e-11	
119	8.485717e-02	-2.37399e-13	-2.83709e-03	3.179465e-11	
120	1.048572e-01	-2.39291e-13	-2.83709e-03	2.509929e-11	
121	1.248572e-01	7.138899e-14	-2.83709e-03	3.253996e-11	
122	1.448572e-01	8.826971e-14	-2.83709e-03	2.528581e-11	
123	1.648572e-01	3.770676e-13	-2.83709e-03	3.248577e-11	
124	1.848572e-01	3.518163e-13	-2.83709e-03	2.534421e-11	
125	2.048572e-01	4.230256e-13	-2.83709e-03	3.240316e-11	
126	2.248572e-01	-1.90313e-14	-2.83709e-03	2.077377e-11	
127	2.448572e-01	3.786268e-13	-2.83709e-03	1.664843e-11	
128	2.448572e-01	1.440358e-13	-2.83709e-03	1.842920e-11	
129	2.448572e-01	2.611969e-13	-2.83709e-03	1.754184e-11	
130	2.448572e-01	2.614401e-13	-2.83709e-03	1.753634e-11	
131	2.448572e-01	2.612065e-13	-2.83709e-03	1.754173e-11	
132	2.448572e-01	2.614388e-13	-2.83709e-03	1.753651e-11	
133	2.448572e-01	2.613263e-13	-2.83709e-03	1.753908e-11	
134	2.448572e-01	2.613252e-13	-2.83709e-03	1.753914e-11	
135	2.448572e-01	2.613252e-13	-2.83709e-03	1.753922e-11	
136	2.448572e-01	2.613196e-13	-2.83709e-03	1.753901e-11	
137	2.448572e-01	2.613206e-13	-2.83709e-03	1.753926e-11	
138	2.448572e-01	2.613231e-13	-2.83709e-03	1.753940e-11	
139	2.448572e-01	2.613229e-13	-2.83709e-03	1.753920e-11	
140	2.448572e-01	2.613288e-13	-2.83709e-03	1.753907e-11	
141	2.448572e-01	2.613242e-13	-2.83709e-03	1.753909e-11	
142	2.448572e-01	2.613223e-13	-2.83709e-03	1.753923e-11	
143	2.448572e-01	2.613216e-13	-2.83709e-03	1.753910e-11	
144	2.448572e-01	2.613155e-13	-2.83709e-03	1.753907e-11	
145	2.448572e-01	2.613159e-13	-2.83709e-03	1.753912e-11	
146	2.448572e-01	2.613246e-13	-2.83709e-03	1.753896e-11	
147	2.448572e-01	2.613024e-13	-2.83709e-03	1.753901e-11	
148	2.448572e-01	2.613171e-13	-2.83709e-03	1.753871e-11	
149	2.448572e-01	2.613279e-13	-2.83709e-03	1.753921e-11	
150	2.448572e-01	2.613214e-13	-2.83709e-03	1.753911e-11	
151	2.448572e-01	2.613224e-13	-2.83709e-03	1.753905e-11	
152	2.448572e-01	2.613229e-13	-2.83709e-03	1.753904e-11	
153	2.448572e-01	2.613261e-13	-2.83709e-03	1.753903e-11	
154	2.448572e-01	2.613244e-13	-2.83709e-03	1.753895e-11	
155	2.448572e-01	2.613253e-13	-2.83709e-03	1.753912e-11	
156	2.448572e-01	2.613202e-13	-2.83709e-03	1.753907e-11	
157	2.448572e-01	2.613265e-13	-2.83709e-03	1.753901e-11	
158	2.448572e-01	2.613221e-13	-2.83709e-03	1.753903e-11	
159	2.448572e-01	2.613217e-13	-2.83709e-03	1.753883e-11	
160	2.448572e-01	2.613262e-13	-2.83709e-03	1.753905e-11	
161	2.448572e-01	2.613235e-13	-2.83709e-03	1.753913e-11	
162	2.448572e-01	2.613208e-13	-2.83709e-03	1.753910e-11	
163	2.448572e-01	2.613181e-13	-2.83709e-03	1.753873e-11	
164	2.448572e-01	2.613203e-13	-2.83709e-03	1.753908e-11	
165	2.448573e-01	2.613135e-13	-2.83709e-03	1.753895e-11	
166	2.448573e-01	2.613178e-13	-2.83709e-03	1.753922e-11	
167	2.448575e-01	2.613066e-13	-2.83709e-03	1.753896e-11	
168	2.448578e-01	2.612747e-13	-2.83709e-03	1.753837e-11	
169	2.448585e-01	2.612354e-13	-2.83709e-03	1.753771e-11	
170	2.448599e-01	2.611540e-13	-2.83709e-03	1.753692e-11	

Index   time            v01#branch      v02#branch      v03#branch      
--------------------------------------------------------------------------------
171	2.448625e-01	2.609956e-13	-2.83709e-03	1.753475e-11	
172	2.448679e-01	2.607062e-13	-2.83709e-03	1.753028e-11	
173	2.448787e-01	2.602360e-13	-2.83709e-03	1.752162e-11	
174	2.449001e-01	2.596379e-13	-2.83709e-03	1.750502e-11	
175	2.449431e-01	2.593474e-13	-2.83709e-03	1.747431e-11	
176	2.450290e-01	2.601929e-13	-2.83709e-03	1.741744e-11	
177	2.452008e-01	2.617761e-13	-2.83709e-03	1.732014e-11	
178	2.455444e-01	2.608201e-13	-2.83709e-03	1.717349e-11	
179	2.462316e-01	2.583964e-13	-2.83709e-03	1.701803e-11	
180	2.476060e-01	2.640221e-13	-2.83709e-03	1.697544e-11	
181	2.503547e-01	2.843476e-13	-2.83709e-03	1.730165e-11	
182	2.558523e-01	3.326672e-13	-2.83709e-03	2.024000e-11	
183	2.668474e-01	3.582341e-13	-2.83709e-03	8.199849e-11	
184	2.668474e-01	2.513452e-13	-2.83709e-03	6.891717e-11	
185	2.668474e-01	3.007056e-13	-2.83709e-03	7.511976e-11	
186	2.668474e-01	2.987711e-13	-2.83709e-03	7.515920e-11	
187	2.668474e-01	2.994212e-13	-2.83709e-03	7.503821e-11	
188	2.668474e-01	2.974079e-13	-2.83709e-03	7.506484e-11	
189	2.668474e-01	2.979438e-13	-2.83709e-03	7.502277e-11	
190	2.668474e-01	2.976816e-13	-2.83709e-03	7.500164e-11	
191	2.668474e-01	2.970857e-13	-2.83709e-03	7.496461e-11	
192	2.668474e-01	2.962093e-13	-2.83709e-03	7.490341e-11	
193	2.668474e-01	2.960888e-13	-2.83709e-03	7.489720e-11	
194	2.668474e-01	2.958967e-13	-2.83709e-03	7.488366e-11	
195	2.668474e-01	2.958859e-13	-2.83709e-03	7.488275e-11	
196	2.668474e-01	2.958465e-13	-2.83709e-03	7.488123e-11	
197	2.668474e-01	2.958031e-13	-2.83709e-03	7.487780e-11	
198	2.668474e-01	2.957127e-13	-2.83709e-03	7.487134e-11	
199	2.668474e-01	2.955119e-13	-2.83709e-03	7.485839e-11	
200	2.668474e-01	2.951277e-13	-2.83709e-03	7.483342e-11	
201	2.668474e-01	2.948409e-13	-2.83709e-03	7.481379e-11	
202	2.668474e-01	2.948290e-13	-2.83709e-03	7.481292e-11	
203	2.668474e-01	2.948020e-13	-2.83709e-03	7.481106e-11	
204	2.668474e-01	2.947486e-13	-2.83709e-03	7.480721e-11	
205	2.668474e-01	2.947049e-13	-2.83709e-03	7.480450e-11	
206	2.668474e-01	2.946852e-13	-2.83709e-03	7.480379e-11	
207	2.668474e-01	2.946771e-13	-2.83709e-03	7.480239e-11	
208	2.668474e-01	2.946305e-13	-2.83709e-03	7.479939e-11	
209	2.668474e-01	2.945406e-13	-2.83709e-03	7.479358e-11	
210	2.668474e-01	2.943594e-13	-2.83709e-03	7.478226e-11	
211	2.668474e-01	2.940392e-13	-2.83709e-03	7.475983e-11	
212	2.668474e-01	2.934010e-13	-2.83709e-03	7.471795e-11	
213	2.668474e-01	2.922722e-13	-2.83709e-03	7.464286e-11	
214	2.668474e-01	2.904818e-13	-2.83709e-03	7.452313e-11	
215	2.668474e-01	2.881667e-13	-2.83709e-03	7.436866e-11	
216	2.668474e-01	2.861599e-13	-2.83709e-03	7.423726e-11	
217	2.668475e-01	2.854350e-13	-2.83709e-03	7.419266e-11	
218	2.668475e-01	2.853932e-13	-2.83709e-03	7.419768e-11	
219	2.668475e-01	2.850738e-13	-2.83709e-03	7.419270e-11	
220	2.668477e-01	2.845756e-13	-2.83709e-03	7.419127e-11	
221	2.668479e-01	2.835119e-13	-2.83709e-03	7.418224e-11	
222	2.668485e-01	2.815034e-13	-2.83709e-03	7.416930e-11	
223	2.668495e-01	2.776227e-13	-2.83709e-03	7.413898e-11	
224	2.668516e-01	2.707122e-13	-2.83709e-03	7.408370e-11	
225	2.668558e-01	2.594056e-13	-2.83709e-03	7.397097e-11	
226	2.668642e-01	2.443657e-13	-2.83709e-03	7.375737e-11	
227	2.668810e-01	2.303398e-13	-2.83709e-03	7.334315e-11	
228	2.669145e-01	2.234763e-13	-2.83709e-03	7.255374e-11	

Index   time            v01#branch      v02#branch      v03#branch      
--------------------------------------------------------------------------------
229	2.669816e-01	2.209580e-13	-2.83709e-03	7.104336e-11	
230	2.671159e-01	2.187975e-13	-2.83709e-03	6.826177e-11	
231	2.673843e-01	2.243909e-13	-2.83709e-03	6.348553e-11	
232	2.679212e-01	2.448045e-13	-2.83709e-03	5.624239e-11	
233	2.689949e-01	2.908137e-13	-2.83709e-03	4.712908e-11	
234	2.711424e-01	3.400468e-13	-2.83709e-03	3.820350e-11	
235	2.754374e-01	3.857207e-13	-2.83709e-03	3.172047e-11	
236	2.840273e-01	4.273172e-13	-2.83709e-03	2.846435e-11	
237	3.012072e-01	4.571603e-13	-2.83709e-03	2.764586e-11	
238	3.212072e-01	3.539334e-13	-2.83709e-03	2.764362e-11	
239	3.412072e-01	2.499962e-13	-2.83709e-03	2.770855e-11	
240	3.612072e-01	7.835767e-14	-2.83709e-03	2.767339e-11	
241	3.812072e-01	-6.22345e-14	-2.83709e-03	2.766133e-11	
242	4.012072e-01	-2.40196e-13	-2.83709e-03	2.765380e-11	
243	4.212072e-01	-3.55916e-13	-2.83709e-03	2.764881e-11	
244	4.412072e-01	-4.70594e-13	-2.83709e-03	2.764475e-11	
245	4.612072e-01	-3.95725e-13	-2.83709e-03	2.762956e-11	
246	4.812072e-01	-3.96627e-13	-2.83709e-03	2.764608e-11	
247	5.012072e-01	-1.41167e-13	-2.83709e-03	2.917517e-11	
248	5.212072e-01	-1.10999e-13	-2.83709e-03	1.865183e-11	
249	5.212072e-01	-1.65363e-13	-2.83709e-03	2.015460e-11	
250	5.212072e-01	-1.38396e-13	-2.83709e-03	1.940779e-11	
251	5.212072e-01	-1.37996e-13	-2.83709e-03	1.939940e-11	
252	5.212072e-01	-1.38388e-13	-2.83709e-03	1.940773e-11	
253	5.212072e-01	-1.38005e-13	-2.83709e-03	1.939949e-11	
254	5.212072e-01	-1.38194e-13	-2.83709e-03	1.940348e-11	
255	5.212072e-01	-1.38197e-13	-2.83709e-03	1.940375e-11	
256	5.212072e-01	-1.38193e-13	-2.83709e-03	1.940341e-11	
257	5.212072e-01	-1.38193e-13	-2.83709e-03	1.940344e-11	
258	5.212072e-01	-1.38190e-13	-2.83709e-03	1.940376e-11	
259	5.212072e-01	-1.38189e-13	-2.83709e-03	1.940354e-11	
260	5.212072e-01	-1.38187e-13	-2.83709e-03	1.940348e-11	
261	5.212072e-01	-1.38191e-13	-2.83709e-03	1.940347e-11	
262	5.212072e-01	-1.38197e-13	-2.83709e-03	1.940361e-11	
263	5.212072e-01	-1.38189e-13	-2.83709e-03	1.940343e-11	
264	5.212072e-01	-1.38194e-13	-2.83709e-03	1.940364e-11	
265	5.212072e-01	-1.38196e-13	-2.83709e-03	1.940345e-11	
266	5.212072e-01	-1.38195e-13	-2.83709e-03	1.940359e-11	
267	5.212072e-01	-1.38202e-13	-2.83709e-03	1.940360e-11	
268	5.212072e-01	-1.38186e-13	-2.83709e-03	1.940381e-11	
269	5.212072e-01	-1.38203e-13	-2.83709e-03	1.940343e-11	
270	5.212072e-01	-1.38181e-13	-2.83709e-03	1.940358e-11	
271	5.212072e-01	-1.38205e-13	-2.83709e-03	1.940352e-11	
272	5.212072e-01	-1.38180e-13	-2.83709e-03	1.940343e-11	
273	5.212072e-01	-1.38203e-13	-2.83709e-03	1.940338e-11	
274	5.212072e-01	-1.38184e-13	-2.83709e-03	1.940368e-11	
275	5.212072e-01	-1.38206e-13	-2.83709e-03	1.940354e-11	
276	5.212072e-01	-1.38180e-13	-2.83709e-03	1.940350e-11	
277	5.212072e-01	-1.38194e-13	-2.83709e-03	1.940342e-11	
278	5.212072e-01	-1.38193e-13	-2.83709e-03	1.940346e-11	
279	5.212072e-01	-1.38191e-13	-2.83709e-03	1.940360e-11	
280	5.212072e-01	-1.38193e-13	-2.83709e-03	1.940341e-11	
281	5.212072e-01	-1.38199e-13	-2.83709e-03	1.940324e-11	
282	5.212072e-01	-1.38193e-13	-2.83709e-03	1.940336e-11	
283	5.212072e-01	-1.38194e-13	-2.83709e-03	1.940364e-11	
284	5.212072e-01	-1.38195e-13	-2.83709e-03	1.940366e-11	
285	5.212072e-01	-1.38185e-13	-2.83709e-03	1.940350e-11	
286	5.212073e-01	-1.38187e-13	-2.83709e-03	1.940347e-11	

Index   time            v01#branch      v02#branch      v03#branch      
--------------------------------------------------------------------------------
287	5.212073e-01	-1.38174e-13	-2.83709e-03	1.940352e-11	
288	5.212075e-01	-1.38161e-13	-2.83709e-03	1.940315e-11	
289	5.212078e-01	-1.38138e-13	-2.83709e-03	1.940313e-11	
290	5.212085e-01	-1.38075e-13	-2.83709e-03	1.940306e-11	
291	5.212099e-01	-1.37960e-13	-2.83709e-03	1.940250e-11	
292	5.212125e-01	-1.37718e-13	-2.83709e-03	1.940140e-11	
293	5.212179e-01	-1.37226e-13	-2.83709e-03	1.939905e-11	
294	5.212286e-01	-1.36199e-13	-2.83709e-03	1.939465e-11	
295	5.212501e-01	-1.34055e-13	-2.83709e-03	1.938636e-11	
296	5.212931e-01	-1.29808e-13	-2.83709e-03	1.937034e-11	
297	5.213790e-01	-1.22744e-13	-2.83709e-03	1.933716e-11	
298	5.215508e-01	-1.14758e-13	-2.83709e-03	1.926715e-11	
299	5.218944e-01	-1.10432e-13	-2.83709e-03	1.912816e-11	
300	5.225816e-01	-1.09286e-13	-2.83709e-03	1.889491e-11	
301	5.239559e-01	-1.06247e-13	-2.83709e-03	1.858743e-11	
302	5.267047e-01	-9.80096e-14	-2.83709e-03	1.833726e-11	
303	5.322023e-01	-9.85733e-14	-2.83709e-03	1.818205e-11	
304	5.431974e-01	-2.52288e-13	-2.83709e-03	1.948744e-11	
305	5.631974e-01	-6.33081e-13	-2.83709e-03	6.288141e-11	
306	5.631974e-01	8.622032e-14	-2.83709e-03	6.052079e-11	
307	5.631974e-01	-1.75665e-13	-2.83709e-03	6.174684e-11	
308	5.631974e-01	-2.31099e-13	-2.83709e-03	6.170081e-11	
309	5.631974e-01	-2.58791e-13	-2.83709e-03	6.166584e-11	
310	5.631974e-01	-2.56390e-13	-2.83709e-03	6.167595e-11	
311	5.631974e-01	-2.57209e-13	-2.83709e-03	6.167125e-11	
312	5.631974e-01	-2.57178e-13	-2.83709e-03	6.167117e-11	
313	5.631974e-01	-2.57151e-13	-2.83709e-03	6.167138e-11	
314	5.631974e-01	-2.57160e-13	-2.83709e-03	6.167139e-11	
315	5.631974e-01	-2.57150e-13	-2.83709e-03	6.167121e-11	
316	5.631974e-01	-2.57152e-13	-2.83709e-03	6.167130e-11	
317	5.631974e-01	-2.57148e-13	-2.83709e-03	6.167120e-11	
318	5.631974e-01	-2.57152e-13	-2.83709e-03	6.167116e-11	
319	5.631974e-01	-2.57153e-13	-2.83709e-03	6.167112e-11	
320	5.631974e-01	-2.57148e-13	-2.83709e-03	6.167131e-11	
321	5.631974e-01	-2.57153e-13	-2.83709e-03	6.167116e-11	
322	5.631974e-01	-2.57157e-13	-2.83709e-03	6.167106e-11	
323	5.631974e-01	-2.57150e-13	-2.83709e-03	6.167109e-11	
324	5.631974e-01	-2.57157e-13	-2.83709e-03	6.167107e-11	
325	5.631974e-01	-2.57146e-13	-2.83709e-03	6.167109e-11	
326	5.631974e-01	-2.57161e-13	-2.83709e-03	6.167118e-11	
327	5.631974e-01	-2.57152e-13	-2.83709e-03	6.167101e-11	
328	5.631974e-01	-2.57159e-13	-2.83709e-03	6.167094e-11	
329	5.631974e-01	-2.57153e-13	-2.83709e-03	6.167112e-11	
330	5.631974e-01	-2.57169e-13	-2.83709e-03	6.167133e-11	
331	5.631974e-01	-2.57156e-13	-2.83709e-03	6.167101e-11	
332	5.631974e-01	-2.57162e-13	-2.83709e-03	6.167098e-11	
333	5.631974e-01	-2.57155e-13	-2.83709e-03	6.167115e-11	
334	5.631974e-01	-2.57168e-13	-2.83709e-03	6.167111e-11	
335	5.631974e-01	-2.57151e-13	-2.83709e-03	6.167104e-11	
336	5.631974e-01	-2.57171e-13	-2.83709e-03	6.167087e-11	
337	5.631974e-01	-2.57170e-13	-2.83709e-03	6.167076e-11	
338	5.631974e-01	-2.57199e-13	-2.83709e-03	6.167008e-11	
339	5.631974e-01	-2.57228e-13	-2.83709e-03	6.166897e-11	
340	5.631975e-01	-2.57321e-13	-2.83709e-03	6.166662e-11	
341	5.631975e-01	-2.57473e-13	-2.83709e-03	6.166221e-11	
342	5.631977e-01	-2.57806e-13	-2.83709e-03	6.165319e-11	
343	5.631979e-01	-2.58437e-13	-2.83709e-03	6.163517e-11	
344	5.631985e-01	-2.59729e-13	-2.83709e-03	6.159912e-11	

Index   time            v01#branch      v02#branch      v03#branch      
--------------------------------------------------------------------------------
345	5.631995e-01	-2.62257e-13	-2.83709e-03	6.152745e-11	
346	5.632016e-01	-2.67260e-13	-2.83709e-03	6.138731e-11	
347	5.632058e-01	-2.76888e-13	-2.83709e-03	6.111761e-11	
348	5.632142e-01	-2.94705e-13	-2.83709e-03	6.062078e-11	
349	5.632310e-01	-3.24319e-13	-2.83709e-03	5.979166e-11	
350	5.632645e-01	-3.62112e-13	-2.83709e-03	5.866303e-11	
351	5.633316e-01	-3.84995e-13	-2.83709e-03	5.748586e-11	
352	5.634658e-01	-3.74320e-13	-2.83709e-03	5.613168e-11	
353	5.637343e-01	-3.55388e-13	-2.83709e-03	5.386193e-11	
354	5.642711e-01	-3.49473e-13	-2.83709e-03	5.007955e-11	
355	5.653449e-01	-3.52596e-13	-2.83709e-03	4.468250e-11	
356	5.674924e-01	-3.69879e-13	-2.83709e-03	3.842942e-11	
357	5.717873e-01	-3.70184e-13	-2.83709e-03	3.295189e-11	
358	5.803773e-01	-3.36321e-13	-2.83709e-03	2.955883e-11	
359	5.975571e-01	-2.19094e-13	-2.83709e-03	2.855063e-11	
360	6.175571e-01	-6.17306e-14	-2.83709e-03	2.897773e-11	
361	6.375571e-01	1.032219e-13	-2.83709e-03	2.890451e-11	
362	6.575571e-01	2.568848e-13	-2.83709e-03	2.889711e-11	
363	6.775571e-01	3.888434e-13	-2.83709e-03	2.890169e-11	
364	6.975571e-01	4.334412e-13	-2.83709e-03	2.889685e-11	
365	7.175571e-01	1.360043e-13	-2.83709e-03	2.882260e-11	
366	7.375571e-01	1.453627e-13	-2.83709e-03	1.692663e-11	
367	7.375572e-01	6.498232e-14	-2.83709e-03	1.651454e-11	
368	7.375572e-01	1.051679e-13	-2.83709e-03	1.671988e-11	
369	7.375572e-01	1.051796e-13	-2.83709e-03	1.672149e-11	
370	7.375572e-01	1.051697e-13	-2.83709e-03	1.671976e-11	
371	7.375572e-01	1.051887e-13	-2.83709e-03	1.672127e-11	
372	7.375572e-01	1.051766e-13	-2.83709e-03	1.672054e-11	
373	7.375572e-01	1.051807e-13	-2.83709e-03	1.672050e-11	
374	7.375572e-01	1.051754e-13	-2.83709e-03	1.672068e-11	
375	7.375572e-01	1.051808e-13	-2.83709e-03	1.672051e-11	
376	7.375572e-01	1.051708e-13	-2.83709e-03	1.672081e-11	
377	7.375572e-01	1.051733e-13	-2.83709e-03	1.672059e-11	
378	7.375572e-01	1.051728e-13	-2.83709e-03	1.672068e-11	
379	7.375572e-01	1.051745e-13	-2.83709e-03	1.672057e-11	
380	7.375572e-01	1.051753e-13	-2.83709e-03	1.672059e-11	
381	7.375572e-01	1.051738e-13	-2.83709e-03	1.672075e-11	
382	7.375572e-01	1.051836e-13	-2.83709e-03	1.672058e-11	
383	7.375572e-01	1.051725e-13	-2.83709e-03	1.672055e-11	
384	7.375572e-01	1.051867e-13	-2.83709e-03	1.672044e-11	
385	7.375572e-01	1.051869e-13	-2.83709e-03	1.672057e-11	
386	7.375572e-01	1.051639e-13	-2.83709e-03	1.672068e-11	
387	7.375572e-01	1.051874e-13	-2.83709e-03	1.672072e-11	
388	7.375572e-01	1.051640e-13	-2.83709e-03	1.672071e-11	
389	7.375572e-01	1.051870e-13	-2.83709e-03	1.672046e-11	
390	7.375572e-01	1.051625e-13	-2.83709e-03	1.672075e-11	
391	7.375572e-01	1.051927e-13	-2.83709e-03	1.672058e-11	
392	7.375572e-01	1.051615e-13	-2.83709e-03	1.672053e-11	
393	7.375572e-01	1.051910e-13	-2.83709e-03	1.672078e-11	
394	7.375572e-01	1.051628e-13	-2.83709e-03	1.672088e-11	
395	7.375572e-01	1.051822e-13	-2.83709e-03	1.672055e-11	
396	7.375572e-01	1.051831e-13	-2.83709e-03	1.672062e-11	
397	7.375572e-01	1.051806e-13	-2.83709e-03	1.672090e-11	
398	7.375572e-01	1.051825e-13	-2.83709e-03	1.672097e-11	
399	7.375572e-01	1.051778e-13	-2.83709e-03	1.672089e-11	
400	7.375572e-01	1.051749e-13	-2.83709e-03	1.672091e-11	
401	7.375572e-01	1.051808e-13	-2.83709e-03	1.672089e-11	
402	7.375572e-01	1.051912e-13	-2.83709e-03	1.672081e-11	

Index   time            v01#branch      v02#branch      v03#branch      
--------------------------------------------------------------------------------
403	7.375572e-01	1.052065e-13	-2.83709e-03	1.672086e-11	
404	7.375572e-01	1.052176e-13	-2.83709e-03	1.672041e-11	
405	7.375573e-01	1.052827e-13	-2.83709e-03	1.672080e-11	
406	7.375575e-01	1.053853e-13	-2.83709e-03	1.672100e-11	
407	7.375578e-01	1.055887e-13	-2.83709e-03	1.672121e-11	
408	7.375585e-01	1.060032e-13	-2.83709e-03	1.672137e-11	
409	7.375598e-01	1.068182e-13	-2.83709e-03	1.672207e-11	
410	7.375625e-01	1.084407e-13	-2.83709e-03	1.672331e-11	
411	7.375679e-01	1.116131e-13	-2.83709e-03	1.672581e-11	
412	7.375786e-01	1.177064e-13	-2.83709e-03	1.673067e-11	
413	7.376001e-01	1.288986e-13	-2.83709e-03	1.673859e-11	
414	7.376431e-01	1.478398e-13	-2.83709e-03	1.675037e-11	
415	7.377290e-01	1.749889e-13	-2.83709e-03	1.675782e-11	
416	7.379008e-01	2.032100e-13	-2.83709e-03	1.673753e-11	
417	7.382443e-01	2.200305e-13	-2.83709e-03	1.664809e-11	
418	7.389315e-01	2.271599e-13	-2.83709e-03	1.646564e-11	
419	7.403059e-01	2.359626e-13	-2.83709e-03	1.618899e-11	
420	7.430547e-01	2.478694e-13	-2.83709e-03	1.583793e-11	
421	7.485523e-01	2.774306e-13	-2.83709e-03	1.576455e-11	
422	7.595474e-01	3.175206e-13	-2.83709e-03	8.167004e-11	
423	7.595474e-01	2.373542e-13	-2.83709e-03	6.734806e-11	
424	7.595474e-01	2.760933e-13	-2.83709e-03	7.430014e-11	
425	7.595474e-01	2.743172e-13	-2.83709e-03	7.435653e-11	
426	7.595474e-01	2.753371e-13	-2.83709e-03	7.424574e-11	
427	7.595474e-01	2.735144e-13	-2.83709e-03	7.429104e-11	
428	7.595474e-01	2.741459e-13	-2.83709e-03	7.424885e-11	
429	7.595474e-01	2.739853e-13	-2.83709e-03	7.423355e-11	
430	7.595474e-01	2.735928e-13	-2.83709e-03	7.420675e-11	
431	7.595474e-01	2.730229e-13	-2.83709e-03	7.415971e-11	
432	7.595474e-01	2.729461e-13	-2.83709e-03	7.415503e-11	
433	7.595474e-01	2.728053e-13	-2.83709e-03	7.414437e-11	
434	7.595474e-01	2.728092e-13	-2.83709e-03	7.414379e-11	
435	7.595474e-01	2.727813e-13	-2.83709e-03	7.414245e-11	
436	7.595474e-01	2.727491e-13	-2.83709e-03	7.413981e-11	
437	7.595474e-01	2.726818e-13	-2.83709e-03	7.413455e-11	
438	7.595474e-01	2.725417e-13	-2.83709e-03	7.412410e-11	
439	7.595474e-01	2.722804e-13	-2.83709e-03	7.410358e-11	
440	7.595474e-01	2.720804e-13	-2.83709e-03	7.408759e-11	
441	7.595474e-01	2.720607e-13	-2.83709e-03	7.408650e-11	
442	7.595474e-01	2.720420e-13	-2.83709e-03	7.408495e-11	
443	7.595474e-01	2.719930e-13	-2.83709e-03	7.408196e-11	
444	7.595474e-01	2.719727e-13	-2.83709e-03	7.407942e-11	
445	7.595474e-01	2.719663e-13	-2.83709e-03	7.407858e-11	
446	7.595474e-01	2.719297e-13	-2.83709e-03	7.407768e-11	
447	7.595474e-01	2.719183e-13	-2.83709e-03	7.407521e-11	
448	7.595474e-01	2.718387e-13	-2.83709e-03	7.407012e-11	
449	7.595474e-01	2.717259e-13	-2.83709e-03	7.406015e-11	
450	7.595474e-01	2.714594e-13	-2.83709e-03	7.404076e-11	
451	7.595474e-01	2.709754e-13	-2.83709e-03	7.400249e-11	
452	7.595474e-01	2.700250e-13	-2.83709e-03	7.392997e-11	
453	7.595474e-01	2.683404e-13	-2.83709e-03	7.379825e-11	
454	7.595474e-01	2.655182e-13	-2.83709e-03	7.358103e-11	
455	7.595474e-01	2.616800e-13	-2.83709e-03	7.328229e-11	
456	7.595474e-01	2.579876e-13	-2.83709e-03	7.299476e-11	
457	7.595475e-01	2.563711e-13	-2.83709e-03	7.286228e-11	
458	7.595475e-01	2.565870e-13	-2.83709e-03	7.286558e-11	
459	7.595477e-01	2.569167e-13	-2.83709e-03	7.286098e-11	
460	7.595479e-01	2.575724e-13	-2.83709e-03	7.285663e-11	

Index   time            v01#branch      v02#branch      v03#branch      
--------------------------------------------------------------------------------
461	7.595484e-01	2.589035e-13	-2.83709e-03	7.284401e-11	
462	7.595495e-01	2.614649e-13	-2.83709e-03	7.282216e-11	
463	7.595516e-01	2.663310e-13	-2.83709e-03	7.277525e-11	
464	7.595558e-01	2.750540e-13	-2.83709e-03	7.268365e-11	
465	7.595642e-01	2.891242e-13	-2.83709e-03	7.249560e-11	
466	7.595809e-01	3.072141e-13	-2.83709e-03	7.211719e-11	
467	7.596145e-01	3.205887e-13	-2.83709e-03	7.135189e-11	
468	7.596816e-01	3.156691e-13	-2.83709e-03	6.985415e-11	
469	7.598158e-01	2.908260e-13	-2.83709e-03	6.705965e-11	
470	7.600843e-01	2.581282e-13	-2.83709e-03	6.223337e-11	
471	7.606211e-01	2.384942e-13	-2.83709e-03	5.485444e-11	
472	7.616949e-01	2.549170e-13	-2.83709e-03	4.559106e-11	
473	7.638424e-01	3.140807e-13	-2.83709e-03	3.666681e-11	
474	7.681373e-01	3.540423e-13	-2.83709e-03	3.044868e-11	
475	7.767273e-01	4.072259e-13	-2.83709e-03	2.776123e-11	
476	7.939071e-01	4.536195e-13	-2.83709e-03	2.751083e-11	
477	8.139071e-01	4.075722e-13	-2.83709e-03	2.761025e-11	
478	8.339071e-01	2.831416e-13	-2.83709e-03	2.772837e-11	
479	8.539071e-01	1.530753e-13	-2.83709e-03	2.768259e-11	
480	8.739071e-01	-1.93561e-14	-2.83709e-03	2.765781e-11	
481	8.939071e-01	-1.66909e-13	-2.83709e-03	2.765744e-11	
482	9.139071e-01	-3.25983e-13	-2.83709e-03	2.764380e-11	
483	9.339071e-01	-4.26762e-13	-2.83709e-03	2.764886e-11	
484	9.539071e-01	-4.54059e-13	-2.83709e-03	2.763089e-11	
485	9.739071e-01	-3.63851e-13	-2.83709e-03	2.762093e-11	
486	9.939071e-01	-3.03268e-13	-2.83709e-03	2.848585e-11	
487	1.000000e+00	-1.09239e-13	-2.83709e-03	2.904302e-11	
